0 46 114
2 47 115
4 49 116
5 50 117
7 51 118
9 53 119
11 54 120
12 56 121
14 57 122
16 59 123
18 60 124
20 62 125
21 63 126
23 65 127
25 66 128
27 68 129
29 69 130
30 71 131
32 72 132
34 73 133
36 75 134
37 76 135
39 78 136
41 79 137
43 81 138
45 82 139
46 84 140
48 85 141
50 87 142
52 88 143
53 90 145
55 91 146
57 93 147
59 94 148
61 95 149
62 97 150
64 98 151
66 100 152
68 101 153
69 103 154
71 104 155
73 106 156
75 107 157
77 109 158
78 110 159
80 112 160
82 113 161
84 115 162
86 116 163
87 117 164
89 119 165
91 120 166
93 122 167
94 123 168
96 125 169
98 126 170
100 128 171
102 129 172
103 131 173
105 132 174
107 134 175
109 135 176
110 137 177
112 138 179
114 140 180
116 141 181
118 143 182
120 145 183
122 146 184
124 148 185
127 150 186
129 151 187
131 153 188
133 155 189
135 156 190
137 158 191
139 160 192
141 161 193
143 163 194
145 165 195
147 166 196
149 168 197
151 170 199
153 171 200
156 173 201
158 175 202
160 176 203
162 178 204
164 180 205
166 181 206
168 183 207
170 185 208
172 186 209
174 188 210
176 190 211
178 191 212
180 193 213
183 195 214
185 196 215
187 198 216
189 200 218
191 201 219
193 203 220
195 205 221
197 206 222
199 208 223
201 210 224
203 211 225
205 213 226
207 215 227
209 216 228
212 218 229
214 220 230
216 221 231
218 223 232
220 225 233
222 226 234
224 228 235
226 230 236
228 232 238
230 233 239
232 235 240
234 237 241
236 238 242
238 240 243
241 242 244
243 243 245
245 245 246
246 245 246
245 244 244
245 243 243
245 243 241
245 242 239
245 241 238
245 240 236
244 239 235
244 238 233
244 237 231
244 236 230
244 235 228
244 235 227
243 234 225
243 233 223
243 232 222
243 231 220
243 230 219
243 229 217
242 228 215
242 227 214
242 226 212
242 226 211
242 225 209
242 224 207
241 223 206
241 222 204
241 221 203
241 220 201
241 219 199
241 218 198
240 217 196
240 217 195
240 216 193
240 215 191
240 214 190
240 213 188
239 212 186
239 211 185
239 210 183
239 209 182
239 209 180
239 208 179
238 207 177
238 206 175
238 205 174
238 204 172
238 203 171
237 202 169
237 201 167
237 200 166
237 200 164
237 199 163
237 198 161
236 197 159
236 196 158
236 195 156
236 194 155
236 193 153
236 192 151
235 191 150
235 191 148
235 190 146
235 189 145
235 188 143
235 187 142
235 186 140
234 186 139
234 185 137
234 184 136
234 183 135
234 183 133
234 182 132
234 181 130
233 180 129
233 180 127
233 179 126
233 178 124
233 177 123
233 177 121
233 176 120
233 175 118
232 174 117
232 173 115
232 173 114
232 172 112
232 171 111
232 170 109
232 170 108
231 169 106
231 168 105
231 167 103
231 167 102
231 166 101
231 165 99
231 164 98
231 164 96
230 163 95
230 162 93
230 161 92
230 160 90
230 160 89
230 159 87
230 158 86
229 157 84
229 157 83
229 156 81
229 155 80
229 154 78
229 154 77
229 153 75
229 152 74
228 151 72
228 151 71
228 150 69
228 149 68
228 148 66
228 147 65
228 147 64
227 146 62
227 145 61
227 144 59
227 144 58
227 143 56
227 142 55
227 141 53
227 141 52
226 140 50